+918431462728,
+918431761665,
+918461941192,
+918495909311,
+918521411570,
+918522067897,
+918530949947,
+918590440546,
+918590556088,
+918595527781,
+918597142431,
+918610244686,
+918639046814,
+918639277079,
+918639661236,
+918639900920,
+918667374798,
+918668497804,
+918688126321,
+918688181867,
+918688194624,
+918688717305,
+918697771582,
+918708566803,
+918709497848,
+918762561168,
+918766916602,
+918791781439,
+918792784833,
+918795870258,
+918805168105,
+918824943745,
+918829987877,
+918849627753,
+918867565630,
+918868065405,
+918871360996,
+918886294593,
+918897460575,
+918897723290,
+918920117645,
+918927001792,
+918936010020,
+918942869813,
+918959791492,
+918960778911,
+918970145255,
+918970221167,
+918971431767,
+918977343703,
+918977404843,
+918979034037,
+919002436769,
+919008113424,
+919010208431,
+919010462357,
+919012235888,
+919014401577,
+919014506746,
+919014574407,
+919014827627,
+919014849517,
+919014914111,
+919022699331,
+919027392882,
+919028762305,
+919030790171,
+919031877974,
+919035227635,
+919036426711,